0 663.283807
51 603.766074
102 575.693134
153 556.300540
204 536.762515
255 528.239479
306 520.343171
357 515.027333
408 512.294121
459 509.736320
510 507.230582
561 502.345015
612 500.321750
663 496.611942
714 495.108364
765 493.249544
816 490.556882
867 489.144579
918 487.840878
969 486.284063
1020 485.385958
1071 483.771455
1122 482.259077
1173 480.827783
1224 479.799540
1275 478.653593
1326 476.890319
1377 476.890319
1428 475.735173
1479 473.770635
1530 472.678598
1581 472.628069
1632 472.439764
1683 472.439764
1734 472.175287
1785 471.683889
1836 471.683889
1887 471.191798
1938 470.279572
1989 469.973315
2040 469.506130
2091 469.366073
2142 468.187704
2193 467.351192
2244 466.959226
2295 466.474360
2346 465.314091
2397 464.545254
2448 463.965817
2499 463.657950
2550 463.183758
2601 462.650838
2652 462.650838
2703 461.919686
2754 461.660141
2805 460.915034
2856 460.896434
2907 460.896434
2958 460.555828
3009 460.259951
3060 460.197590
3111 460.138868
3162 459.979310
3213 459.979310
3264 459.045055
3315 458.486416
3366 455.433824
3417 455.433824
3468 455.433824
3519 454.984286
3570 454.984286
3621 454.984286
3672 454.745258
3723 453.817288
3774 453.817288
3825 453.817288
3876 453.772498
3927 453.772498
3978 453.772498
4029 453.374714
4080 453.374714
4131 453.026068
4182 453.026068
4233 452.561797
4284 452.561797
4335 452.361798
4386 452.327644
4437 452.327644
4488 452.327644
4539 452.327644
4590 452.327644
4641 452.327644
4692 452.327644
4743 451.395069
4794 451.395069
4845 451.299710
4896 450.633752
4947 450.633752
4998 450.298774
5049 450.298774
5100 450.072985
5151 450.072985
5202 450.072985
5253 450.072985
5304 449.395057
5355 449.395057
5406 448.928227
5457 448.928227
5508 448.377149
5559 447.392048
5610 447.275405
5661 447.275405
5712 447.275405
5763 447.275405
5814 447.275405
5865 447.275405
5916 447.088677
5967 447.088677
6018 446.717154
6069 446.717154
6120 446.597429
6171 446.597429
6222 446.597429
6273 446.597429
6324 446.597429
6375 446.597429
6426 446.597429
6477 446.520168
6528 446.482941
6579 446.394626
6630 446.394626
6681 446.394626
6732 446.394626
6783 446.394626
6834 446.394626
6885 446.394626
6936 445.871148
6987 445.871148
7038 445.809775
7089 445.809775
7140 445.430267
7191 445.430267
7242 445.430267
7293 445.430267
7344 445.430267
7395 445.038539
7446 444.876941
7497 444.876941
7548 444.876941
7599 444.876941
7650 443.910202
7701 443.910202
7752 443.910202
7803 443.761769
7854 443.761769
7905 443.271760
7956 443.271760
8007 442.855543
8058 442.855543
8109 442.855543
8160 442.855543
8211 442.796676
8262 442.796676
8313 442.796676
8364 442.796676
8415 442.796676
8466 442.796676
8517 442.796676
8568 442.796676
8619 442.796676
8670 442.796676
8721 442.737934
8772 442.737934
8823 442.309092
8874 442.309092
8925 442.309092
8976 442.309092
9027 442.309092
9078 442.309092
9129 442.309092
9180 442.256985
9231 442.256985
9282 442.256985
9333 442.101787
9384 441.784723
9435 441.784723
9486 441.784723
9537 441.784723
9588 441.784723
9639 441.784723
9690 441.784723
9741 441.562357
9792 441.367875
9843 441.367875
9894 441.367875
9945 441.367875
9996 441.367875
10047 441.367875
10098 441.319065
10149 441.319065
10200 441.319065
10251 441.319065
10302 441.078125
10353 441.078125
10404 440.777522
10455 440.506088
10506 440.384107
10557 440.071249
10608 440.069200
10659 440.069200
10710 440.069200
10761 440.054850
10812 440.054850
10863 439.903680
10914 439.831100
10965 439.831100
11016 439.831100
11067 439.831100
11118 439.634071
11169 439.634071
11220 439.634071
11271 439.634071
11322 439.634071
11373 439.607054
11424 439.607054
11475 439.318542
11526 439.130849
11577 439.130849
11628 439.130849
11679 439.130849
11730 439.048315
11781 439.048315
11832 439.048315
11883 439.048315
11934 439.048315
11985 439.048315
12036 439.027979
12087 439.027979
12138 439.027979
12189 439.027979
12240 439.027979
12291 439.027979
12342 438.790402
12393 438.790402
12444 438.790402
12495 438.657614
12546 438.657614
12597 438.657614
12648 438.657614
12699 438.657614
12750 438.657614
12801 438.657614
12852 438.629381
12903 438.629381
12954 438.379824
13005 438.379824
13056 438.325093
13107 438.302029
13158 438.302029
13209 438.302029
13260 438.302029
13311 438.151256
13362 438.151256
13413 438.151256
13464 438.151256
13515 438.151256
13566 438.151256
13617 438.151256
13668 437.989269
13719 437.989269
13770 437.989269
13821 437.989269
13872 437.989269
13923 437.989269
13974 437.989269
14025 437.989269
14076 437.989269
14127 437.989269
14178 437.989269
14229 437.989269
14280 437.948247
14331 437.948247
14382 437.948247
14433 437.948247
14484 437.948247
14535 437.948247
14586 437.936668
14637 437.936668
14688 437.583330
14739 437.583330
14790 437.583330
14841 437.583330
14892 437.583330
14943 437.400933
14994 437.400933
15045 437.400933
15096 437.321198
15147 436.974228
15198 436.974228
15249 436.974228
15300 436.903689
15351 436.903689
15402 436.901483
15453 436.789416
15504 436.789416
15555 436.789416
15606 436.789416
15657 436.789416
15708 436.789416
15759 436.789416
15810 436.789416
15861 436.543256
15912 436.543256
15963 436.543256
16014 436.543256
16065 436.543256
16116 436.543256
16167 436.543256
16218 436.543256
16269 436.507899
16320 436.507899
16371 436.507899
16422 436.507899
16473 436.340789
16524 436.340789
16575 436.253243
16626 436.253243
16677 436.253243
16728 436.253243
16779 436.253243
16830 436.253243
16881 436.253243
16932 436.253243
16983 436.253243
17034 436.253243
17085 436.253243
17136 436.253243
17187 436.253243
17238 436.253243
17289 436.248483
17340 436.139314
17391 436.139314
17442 436.086135
17493 436.086135
17544 436.086135
17595 436.086135
17646 436.086135
17697 435.871038
17748 435.871038
17799 435.871038
17850 435.857223
17901 435.857223
17952 435.857223
18003 435.857223
18054 435.745387
18105 435.745387
18156 435.745387
18207 435.745387
18258 435.745387
18309 435.745387
18360 435.745387
18411 435.745387
18462 435.745387
18513 435.745387
18564 435.745387
18615 435.745387
18666 435.745387
18717 435.745387
18768 435.745387
18819 435.745387
18870 435.627241
18921 435.596484
18972 435.596484
19023 435.596484
19074 435.596484
19125 435.539193
19176 435.539193
19227 435.539193
19278 435.539193
19329 435.539193
19380 435.539193
19431 435.539193
19482 435.539193
19533 435.539193
19584 435.539193
19635 435.539193
19686 435.539193
19737 435.539193
19788 435.539193
19839 435.539193
19890 435.539193
19941 435.539193
19992 435.539193
20043 435.539193
20094 435.539193
20145 435.539193
20196 435.539193
20247 435.539193
20298 435.539193
20349 435.539193
20400 435.539193
20451 435.539193
20502 435.539193
20553 435.539193
20604 435.539193
20655 435.539193
20706 435.523799
20757 435.523799
20808 435.523799
20859 435.523799
20910 435.523799
20961 435.472306
21012 435.472306
21063 435.367908
21114 435.367908
21165 435.367908
21216 435.367908
21267 435.240631
21318 435.240631
21369 435.240631
21420 435.240631
21471 435.240631
21522 435.240631
21573 435.240631
21624 435.240631
21675 435.240631
21726 435.240631
21777 435.240631
21828 435.240631
21879 435.240631
21930 435.240631
21981 435.240631
22032 435.240631
22083 435.240631
22134 435.240631
22185 435.240631
22236 435.240631
22287 435.240631
22338 435.240631
22389 435.240631
22440 435.240631
22491 435.240631
22542 435.240631
22593 435.240631
22644 435.240631
22695 435.240631
22746 435.240631
22797 435.240631
22848 435.240631
22899 435.240631
22950 435.240631
23001 435.240631
23052 435.240631
23103 435.240631
23154 435.240631
23205 435.240631
23256 435.240631
23307 435.240631
23358 435.240631
23409 435.240631
23460 435.240631
23511 435.240631
23562 435.240631
23613 435.196767
23664 435.196767
23715 435.196767
23766 435.196767
23817 435.196767
23868 435.196767
23919 435.196767
23970 435.196767
24021 435.196767
24072 435.196767
24123 435.196767
24174 435.196767
24225 435.196767
24276 435.196767
24327 435.196767
24378 435.196767
24429 435.196767
24480 435.196767
24531 435.196767
24582 435.196767
24633 435.196767
24684 435.196767
24735 435.196767
24786 435.196767
24837 435.196767
24888 435.174542
24939 435.174542
24990 435.167534
25041 435.090363
25092 435.090363
25143 435.090363
25194 435.090363
25245 435.090363
25296 435.090363
25347 435.090363
25398 435.090363
25449 435.090363
25500 435.090363
25551 435.090363
25602 435.090363
25653 435.090363
25704 435.068299
25755 435.068299
25806 435.068299
25857 435.068299
25908 435.068299
25959 435.068299
26010 435.019566
26061 435.019566
26112 435.019566
26163 435.019566
26214 435.019566
26265 435.019566
26316 435.019566
26367 435.019566
26418 435.019566
26469 435.019566
26520 435.019566
26571 435.019566
26622 435.019566
26673 435.019566
26724 435.019566
26775 434.997786
26826 434.997786
26877 434.997786
26928 434.997786
26979 434.997786
27030 434.997786
27081 434.997786
27132 434.997786
27183 434.997786
27234 434.997786
27285 434.997786
27336 434.997786
27387 434.997786
27438 434.997786
27489 434.997786
27540 434.939066
27591 434.939066
27642 434.939066
27693 434.939066
27744 434.939066
27795 434.939066
27846 434.898011
27897 434.898011
27948 434.898011
27999 434.898011
28050 434.898011
28101 434.898011
28152 434.898011
28203 434.898011
28254 434.898011
28305 434.898011
28356 434.898011
28407 434.898011
28458 434.898011
28509 434.898011
28560 434.898011
28611 434.898011
28662 434.898011
28713 434.898011
28764 434.898011
28815 434.898011
28866 434.898011
28917 434.898011
28968 434.898011
29019 434.898011
29070 434.888968
29121 434.888968
29172 434.666260
29223 434.666260
29274 434.666260
29325 434.666260
29376 434.666260
29427 434.666260
29478 434.666260
29529 434.647120
29580 434.647120
29631 434.647120
29682 434.647120
29733 434.647120
29784 434.647120
29835 434.610816
29886 434.610816
29937 434.610816
29988 434.610816
30039 434.610816
30090 434.610816
30141 434.610816
30192 434.610816
30243 434.610816
30294 434.610816
30345 434.610816
30396 434.610816
30447 434.610816
30498 434.610816
30549 434.610816
30600 434.610816
30651 434.610816
30702 434.610816
30753 434.610816
30804 434.610816
30855 434.610816
30906 434.610816
30957 434.610816
31008 434.610816
31059 434.610816
31110 434.610816
31161 434.610816
31212 434.610816
31263 434.610816
31314 434.610816
31365 434.610816
31416 434.610816
31467 434.610816
31518 434.610816
31569 434.610816
31620 434.610816
31671 434.610816
31722 434.610816
31773 434.610816
31824 434.610816
31875 434.610816
31926 434.610816
31977 434.610816
32028 434.610816
32079 434.610816
32130 434.610816
32181 434.610816
32232 434.610816
32283 434.610816
32334 434.610816
32385 434.610816
32436 434.610816
32487 434.610816
32538 434.610816
32589 434.610816
32640 434.610816
32691 434.610816
32742 434.610816
32793 434.610816
32844 434.610816
32895 434.610816
32946 434.610816
32997 434.610816
33048 434.610816
33099 434.610816
33150 434.610816
33201 434.610816
33252 434.610816
33303 434.610816
33354 434.610816
33405 434.610816
33456 434.610816
33507 434.610816
33558 434.610816
33609 434.610816
33660 434.610816
33711 434.610816
33762 434.610816
33813 434.610816
33864 434.610816
33915 434.610816
33966 434.610816
34017 434.610816
34068 434.610816
34119 434.610816
34170 434.610816
34221 434.610816
34272 434.610816
34323 434.610816
34374 434.610816
34425 434.610816
34476 434.610816
34527 434.610816
34578 434.610816
34629 434.610816
34680 434.610816
34731 434.610816
34782 434.610816
34833 434.610816
34884 434.610816
34935 434.610816
34986 434.610816
35037 434.610816
35088 434.610816
35139 434.610816
35190 434.610816
35241 434.610816
35292 434.610816
35343 434.610816
35394 434.610816
35445 434.610816
35496 434.610816
35547 434.610816
35598 434.610816
35649 434.610816
35700 434.610816
35751 434.610816
35802 434.610816
35853 434.610816
35904 434.610816
35955 434.610816
36006 434.610816
36057 434.610816
36108 434.610816
36159 434.610816
36210 434.610816
36261 434.610816
36312 434.610816
36363 434.610816
36414 434.610816
36465 434.610816
36516 434.610816
36567 434.610816
36618 434.610816
36669 434.525963
36720 434.525963
36771 434.525963
36822 434.525963
36873 434.525963
36924 434.525963
36975 434.525963
37026 434.525963
37077 434.525963
37128 434.525963
37179 434.525963
37230 434.525963
37281 434.525963
37332 434.525963
37383 434.525963
37434 434.525963
37485 434.525963
37536 434.525963
37587 434.525963
37638 434.525963
37689 434.525963
37740 434.525963
37791 434.525963
37842 434.525963
37893 434.525963
37944 434.525963
37995 434.525963
38046 434.525963
38097 434.525963
38148 434.525963
38199 434.525963
38250 434.525963
38301 434.525963
38352 434.525963
38403 434.525963
38454 434.525963
38505 434.525963
38556 434.525963
38607 434.525963
38658 434.525963
38709 434.525963
38760 434.525963
38811 434.525963
38862 434.525963
38913 434.525963
38964 434.525963
39015 434.525963
39066 434.525963
39117 434.525963
39168 434.525963
39219 434.525963
39270 434.525963
39321 434.525963
39372 434.525963
39423 434.525963
39474 434.525963
39525 434.525963
39576 434.525963
39627 434.525963
39678 434.525963
39729 434.525963
39780 434.525963
39831 434.510090
39882 434.510090
39933 434.510090
39984 434.510090
40035 434.510090
40086 434.510090
40137 434.510090
40188 434.510090
40239 434.510090
40290 434.510090
40341 434.510090
40392 434.510090
40443 434.510090
40494 434.510090
40545 434.510090
40596 434.510090
40647 434.510090
40698 434.510090
40749 434.510090
40800 434.510090
40851 434.510090
40902 434.510090
40953 434.510090
41004 434.510090
41055 434.510090
41106 434.510090
41157 434.510090
41208 434.510090
41259 434.510090
41310 434.510090
41361 434.510090
41412 434.510090
41463 434.386388
41514 434.386388
41565 434.218613
41616 434.218613
41667 434.218613
41718 434.218613
41769 434.218613
41820 434.218613
41871 434.218613
41922 434.218613
41973 434.218613
42024 434.218613
42075 434.218613
42126 434.218613
42177 434.218613
42228 434.218613
42279 434.218613
42330 434.218613
42381 434.218613
42432 434.218613
42483 434.218613
42534 434.218613
42585 434.218613
42636 434.218613
42687 434.218613
42738 434.218613
42789 434.218613
42840 434.218613
42891 434.218613
42942 434.218613
42993 434.218613
43044 434.218613
43095 434.218613
43146 434.218613
43197 434.218613
43248 434.218613
43299 434.218613
43350 434.218613
43401 434.218613
43452 434.218613
43503 434.218613
43554 434.218613
43605 434.218613
43656 434.218613
43707 434.218613
43758 434.218613
43809 434.185083
43860 434.185083
43911 434.185083
43962 434.185083
44013 434.185083
44064 434.185083
44115 434.185083
44166 434.185083
44217 434.185083
44268 434.185083
44319 434.185083
44370 434.185083
44421 434.185083
44472 434.185083
44523 434.185083
44574 434.185083
44625 434.185083
44676 434.185083
44727 434.185083
44778 434.185083
44829 434.185083
44880 434.185083
44931 434.164834
44982 434.135989
45033 434.135989
45084 434.135989
45135 434.135989
45186 434.135989
45237 434.135989
45288 434.135989
45339 434.135989
45390 434.135989
45441 434.135989
45492 434.135989
45543 434.135989
45594 434.135989
45645 434.135989
45696 434.135989
45747 434.135989
45798 434.135989
45849 434.135989
45900 434.135989
45951 434.135989
46002 434.135989
46053 434.059904
46104 434.059904
46155 434.059904
46206 434.059904
46257 434.059904
46308 434.059904
46359 434.059904
46410 434.059904
46461 434.059904
46512 434.037428
46563 434.037428
46614 434.037428
46665 434.037428
46716 434.037428
46767 434.037428
46818 434.037428
46869 434.037428
46920 434.037428
46971 434.037428
47022 434.037428
47073 434.037428
47124 434.037428
47175 434.037428
47226 434.037428
47277 434.037428
47328 434.037428
47379 434.037428
47430 434.037428
47481 434.037428
47532 434.037428
47583 434.011135
47634 434.011135
47685 434.011135
47736 434.011135
47787 434.011135
47838 434.011135
47889 434.011135
47940 434.011135
47991 434.011135
48042 434.011135
48093 434.011135
48144 434.011135
48195 434.011135
48246 434.008271
48297 434.008271
48348 434.008271
48399 434.008271
48450 434.008271
48501 434.008271
48552 434.008271
48603 434.008271
48654 434.008271
48705 434.008271
48756 434.008271
48807 433.896889
48858 433.896889
48909 433.896889
48960 433.896889
49011 433.896889
49062 433.896889
49113 433.896889
49164 433.896889
49215 433.896889
49266 433.896889
49317 433.896889
49368 433.896889
49419 433.896889
49470 433.896889
49521 433.896889
49572 433.896889
49623 433.896889
49674 433.896889
49725 433.896889
49776 433.896889
49827 433.896889
49878 433.896889
49929 433.896889
49980 433.654744
50031 433.654744
50082 433.654744
50133 433.654744
50184 433.654744
50235 433.654744
50286 433.654744
50337 433.654744
50388 433.654744
50439 433.654744
50490 433.654744
50541 433.654744
50592 433.654744
50643 433.654744
50694 433.654744
50745 433.654744
50796 433.654744
50847 433.654744
50898 433.654744
50949 433.654744
