0 433.629712
51 433.629712
102 433.629712
153 433.629712
204 433.629712
255 433.629712
306 433.629712
357 433.629712
408 433.629712
459 433.629712
510 433.629712
561 433.629712
612 433.629712
663 433.629712
714 433.629712
765 433.629712
816 433.629712
867 433.629712
918 433.629712
969 433.629712
1020 433.629712
1071 433.629712
1122 433.629712
1173 433.629712
1224 433.629712
1275 433.629712
1326 433.629712
1377 433.629712
1428 433.629712
1479 433.629712
1530 433.629712
1581 433.629712
1632 433.629712
1683 433.629712
1734 433.629712
1785 433.629712
1836 433.629712
1887 433.629712
1938 433.629712
1989 433.629712
2040 433.629712
2091 433.629712
2142 433.629712
2193 433.629712
2244 433.629712
2295 433.629712
2346 433.629712
2397 433.629712
2448 433.629712
2499 433.629712
2550 433.629712
2601 433.629712
2652 433.629712
2703 433.629712
2754 433.629712
2805 433.629712
2856 433.629712
2907 433.629712
2958 433.629712
3009 433.629712
3060 433.629712
3111 433.629712
3162 433.629712
3213 433.629712
3264 433.629712
3315 433.629712
3366 433.629712
3417 433.629712
3468 433.629712
3519 433.629712
3570 433.629712
3621 433.629712
3672 433.629712
3723 433.629712
3774 433.629712
3825 433.629712
3876 433.629712
3927 433.629712
3978 433.629712
4029 433.629712
4080 433.629712
4131 433.629712
4182 433.629712
4233 433.629712
4284 433.629712
4335 433.629712
4386 433.629712
4437 433.629712
4488 433.629712
4539 433.629712
4590 433.629712
4641 433.629712
4692 433.629712
4743 433.629712
4794 433.629712
4845 433.629712
4896 433.629712
4947 433.629712
4998 433.629712
5049 433.629712
5100 433.629712
5151 433.629712
5202 433.629712
5253 433.629712
5304 433.629712
5355 433.629712
5406 433.629712
5457 433.629712
5508 433.629712
5559 433.629712
5610 433.629712
5661 433.629712
5712 433.629712
5763 433.629712
5814 433.629712
5865 433.629712
5916 433.629712
5967 433.629712
6018 433.629712
6069 433.629712
6120 433.629712
6171 433.629712
6222 433.629712
6273 433.629712
6324 433.629712
6375 433.629712
6426 433.629712
6477 433.629712
6528 433.629712
6579 433.629712
6630 433.629712
6681 433.629712
6732 433.629712
6783 433.629712
6834 433.629712
6885 433.629712
6936 433.629712
6987 433.629712
7038 433.629712
7089 433.629712
7140 433.629712
7191 433.629712
7242 433.629712
7293 433.629712
7344 433.629712
7395 433.629712
7446 433.629712
7497 433.629712
7548 433.629712
7599 433.629712
7650 433.629712
7701 433.629712
7752 433.629712
7803 433.629712
7854 433.629712
7905 433.629712
7956 433.629712
8007 433.629712
8058 433.629712
8109 433.629712
8160 433.629712
8211 433.629712
8262 433.629712
8313 433.629712
8364 433.629712
8415 433.629712
8466 433.629712
8517 433.629712
8568 433.629712
8619 433.629712
8670 433.629712
8721 433.629712
8772 433.629712
8823 433.629712
8874 433.629712
8925 433.629712
8976 433.629712
9027 433.629712
9078 433.629712
9129 433.629712
9180 433.629712
9231 433.629712
9282 433.629712
9333 433.629712
9384 433.629712
9435 433.629712
9486 433.629712
9537 433.629712
9588 433.629712
9639 433.629712
9690 433.629712
9741 433.629712
9792 433.629712
9843 433.629712
9894 433.629712
9945 433.629712
9996 433.629712
10047 433.629712
10098 433.629712
10149 433.629712
10200 433.629712
10251 433.629712
10302 433.629712
10353 433.629712
10404 433.629712
10455 433.629712
10506 433.629712
10557 433.629712
10608 433.629712
10659 433.629712
10710 433.629712
10761 433.629712
10812 433.629712
10863 433.629712
10914 433.629712
10965 433.629712
11016 433.629712
11067 433.629712
11118 433.629712
11169 433.629712
11220 433.629712
11271 433.629712
11322 433.629712
11373 433.629712
11424 433.629712
11475 433.629712
11526 433.629712
11577 433.629712
11628 433.629712
11679 433.629712
11730 433.629712
11781 433.629712
11832 433.629712
11883 433.629712
11934 433.629712
11985 433.629712
12036 433.629712
12087 433.629712
12138 433.629712
12189 433.629712
12240 433.629712
12291 433.629712
12342 433.629712
12393 433.629712
12444 433.629712
12495 433.629712
12546 433.629712
12597 433.629712
12648 433.629712
12699 433.629712
12750 433.629712
12801 433.629712
12852 433.629712
12903 433.629712
12954 433.629712
13005 433.629712
13056 433.629712
13107 433.629712
13158 433.629712
13209 433.629712
13260 433.629712
13311 433.629712
13362 433.629712
13413 433.629712
13464 433.629712
13515 433.629712
13566 433.629712
13617 433.629712
13668 433.629712
13719 433.629712
13770 433.629712
13821 433.629712
13872 433.629712
13923 433.629712
13974 433.629712
14025 433.629712
14076 433.629712
14127 433.629712
14178 433.629712
14229 433.629712
14280 433.629712
14331 433.629712
14382 433.629712
14433 433.629712
14484 433.629712
14535 433.629712
14586 433.629712
14637 433.629712
14688 433.629712
14739 433.629712
14790 433.629712
14841 433.629712
14892 433.629712
14943 433.629712
14994 433.629712
15045 433.629712
15096 433.629712
15147 433.629712
15198 433.629712
15249 433.629712
15300 433.629712
15351 433.629712
15402 433.629712
15453 433.629712
15504 433.629712
15555 433.629712
15606 433.629712
15657 433.629712
15708 433.629712
15759 433.629712
15810 433.629712
15861 433.629712
15912 433.629712
15963 433.629712
16014 433.629712
16065 433.629712
16116 433.629712
16167 433.629712
16218 433.629712
16269 433.629712
16320 433.629712
16371 433.629712
16422 433.629712
16473 433.629712
16524 433.629712
16575 433.629712
16626 433.629712
16677 433.629712
16728 433.629712
16779 433.629712
16830 433.629712
16881 433.629712
16932 433.629712
16983 433.629712
17034 433.629712
17085 433.629712
17136 433.629712
17187 433.629712
17238 433.629712
17289 433.629712
17340 433.629712
17391 433.629712
17442 433.629712
17493 433.629712
17544 433.629712
17595 433.629712
17646 433.629712
17697 433.629712
17748 433.629712
17799 433.629712
17850 433.629712
17901 433.629712
17952 433.629712
18003 433.629712
18054 433.629712
18105 433.629712
18156 433.629712
18207 433.629712
18258 433.629712
18309 433.629712
18360 433.629712
18411 433.629712
18462 433.629712
18513 433.629712
18564 433.629712
18615 433.629712
18666 433.629712
18717 433.629712
18768 433.629712
18819 433.629712
18870 433.629712
18921 433.629712
18972 433.629712
19023 433.629712
19074 433.629712
19125 433.629712
19176 433.629712
19227 433.629712
19278 433.629712
19329 433.629712
19380 433.629712
19431 433.629712
19482 433.629712
19533 433.629712
19584 433.629712
19635 433.629712
19686 433.629712
19737 433.629712
19788 433.629712
19839 433.629712
19890 433.629712
19941 433.629712
19992 433.629712
20043 433.629712
20094 433.629712
20145 433.629712
20196 433.629712
20247 433.629712
20298 433.629712
20349 433.629712
20400 433.629712
20451 433.629712
20502 433.629712
20553 433.629712
20604 433.629712
20655 433.629712
20706 433.629712
20757 433.629712
20808 433.629712
20859 433.629712
20910 433.629712
20961 433.629712
21012 433.629712
21063 433.629712
21114 433.629712
21165 433.629712
21216 433.629712
21267 433.629712
21318 433.629712
21369 433.629712
21420 433.629712
21471 433.629712
21522 433.629712
21573 433.629712
21624 433.629712
21675 433.629712
21726 433.629712
21777 433.629712
21828 433.629712
21879 433.629712
21930 433.629712
21981 433.629712
22032 433.629712
22083 433.629712
22134 433.629712
22185 433.629712
22236 433.629712
22287 433.629712
22338 433.629712
22389 433.629712
22440 433.629712
22491 433.629712
22542 433.629712
22593 433.629712
22644 433.629712
22695 433.629712
22746 433.629712
22797 433.629712
22848 433.629712
22899 433.629712
22950 433.629712
23001 433.629712
23052 433.629712
23103 433.629712
23154 433.629712
23205 433.629712
23256 433.629712
23307 433.629712
23358 433.629712
23409 433.629712
23460 433.629712
23511 433.629712
23562 433.629712
23613 433.629712
23664 433.629712
23715 433.629712
23766 433.629712
23817 433.629712
23868 433.629712
23919 433.629712
23970 433.629712
24021 433.629712
24072 433.629712
24123 433.629712
24174 433.629712
24225 433.629712
24276 433.629712
24327 433.629712
24378 433.629712
24429 433.629712
24480 433.629712
24531 433.629712
24582 433.629712
24633 433.629712
24684 433.629712
24735 433.629712
24786 433.629712
24837 433.629712
24888 433.629712
24939 433.629712
24990 433.629712
25041 433.629712
25092 433.629712
25143 433.629712
25194 433.629712
25245 433.629712
25296 433.629712
25347 433.629712
25398 433.629712
25449 433.629712
25500 433.629712
25551 433.629712
25602 433.629712
25653 433.629712
25704 433.629712
25755 433.629712
25806 433.629712
25857 433.629712
25908 433.629712
25959 433.629712
26010 433.629712
26061 433.629712
26112 433.629712
26163 433.629712
26214 433.629712
26265 433.629712
26316 433.629712
26367 433.629712
26418 433.629712
26469 433.629712
26520 433.629712
26571 433.629712
26622 433.629712
26673 433.629712
26724 433.629712
26775 433.629712
26826 433.629712
26877 433.629712
26928 433.629712
26979 433.629712
27030 433.629712
27081 433.629712
27132 433.629712
27183 433.629712
27234 433.629712
27285 433.629712
27336 433.629712
27387 433.629712
27438 433.629712
27489 433.629712
27540 433.629712
27591 433.629712
27642 433.629712
27693 433.629712
27744 433.629712
27795 433.629712
27846 433.629712
27897 433.629712
27948 433.629712
27999 433.629712
28050 433.629712
28101 433.629712
28152 433.629712
28203 433.629712
28254 433.629712
28305 433.629712
28356 433.629712
28407 433.629712
28458 433.629712
28509 433.629712
28560 433.629712
28611 433.629712
28662 433.629712
28713 433.629712
28764 433.629712
28815 433.629712
28866 433.629712
28917 433.629712
28968 433.629712
29019 433.629712
29070 433.629712
29121 433.629712
29172 433.629712
29223 433.629712
29274 433.629712
29325 433.629712
29376 433.629712
29427 433.629712
29478 433.629712
29529 433.629712
29580 433.629712
29631 433.629712
29682 433.629712
29733 433.629712
29784 433.629712
29835 433.629712
29886 433.629712
29937 433.629712
29988 433.629712
30039 433.629712
30090 433.629712
30141 433.629712
30192 433.629712
30243 433.629712
30294 433.629712
30345 433.629712
30396 433.629712
30447 433.629712
30498 433.629712
30549 433.629712
30600 433.629712
30651 433.629712
30702 433.629712
30753 433.629712
30804 433.629712
30855 433.629712
30906 433.629712
30957 433.629712
31008 433.629712
31059 433.629712
31110 433.629712
31161 433.629712
31212 433.629712
31263 433.629712
31314 433.629712
31365 433.629712
31416 433.629712
31467 433.629712
31518 433.629712
31569 433.629712
31620 433.629712
31671 433.629712
31722 433.629712
31773 433.629712
31824 433.629712
31875 433.629712
31926 433.629712
31977 433.629712
32028 433.629712
32079 433.629712
32130 433.629712
32181 433.629712
32232 433.629712
32283 433.629712
32334 433.629712
32385 433.629712
32436 433.629712
32487 433.629712
32538 433.629712
32589 433.629712
32640 433.629712
32691 433.629712
32742 433.629712
32793 433.629712
32844 433.629712
32895 433.629712
32946 433.629712
32997 433.629712
33048 433.629712
33099 433.629712
33150 433.629712
33201 433.629712
33252 433.629712
33303 433.629712
33354 433.629712
33405 433.629712
33456 433.629712
33507 433.629712
33558 433.629712
33609 433.629712
33660 433.629712
33711 433.629712
33762 433.629712
33813 433.629712
33864 433.629712
33915 433.629712
33966 433.629712
34017 433.629712
34068 433.629712
34119 433.629712
34170 433.629712
34221 433.629712
34272 433.629712
34323 433.629712
34374 433.629712
34425 433.629712
34476 433.629712
34527 433.629712
34578 433.629712
34629 433.629712
34680 433.629712
34731 433.629712
34782 433.629712
34833 433.629712
34884 433.629712
34935 433.629712
34986 433.629712
35037 433.629712
35088 433.629712
35139 433.629712
35190 433.629712
35241 433.629712
35292 433.629712
35343 433.629712
35394 433.629712
35445 433.629712
35496 433.629712
35547 433.629712
35598 433.629712
35649 433.629712
35700 433.629712
35751 433.629712
35802 433.629712
35853 433.629712
35904 433.629712
35955 433.629712
36006 433.629712
36057 433.629712
36108 433.629712
36159 433.629712
36210 433.629712
36261 433.629712
36312 433.629712
36363 433.629712
36414 433.629712
36465 433.629712
36516 433.629712
36567 433.629712
36618 433.629712
36669 433.629712
36720 433.629712
36771 433.629712
36822 433.629712
36873 433.629712
36924 433.629712
36975 433.629712
37026 433.629712
37077 433.629712
37128 433.629712
37179 433.629712
37230 433.629712
37281 433.629712
37332 433.629712
37383 433.629712
37434 433.629712
37485 433.629712
37536 433.629712
37587 433.629712
37638 433.629712
37689 433.629712
37740 433.629712
37791 433.629712
37842 433.629712
37893 433.629712
37944 433.629712
37995 433.629712
38046 433.629712
38097 433.629712
38148 433.629712
38199 433.629712
38250 433.629712
38301 433.629712
38352 433.629712
38403 433.629712
38454 433.629712
38505 433.629712
38556 433.629712
38607 433.629712
38658 433.629712
38709 433.629712
38760 433.629712
38811 433.629712
38862 433.629712
38913 433.629712
38964 433.629712
39015 433.629712
39066 433.629712
39117 433.629712
39168 433.629712
39219 433.629712
39270 433.629712
39321 433.629712
39372 433.629712
39423 433.629712
39474 433.629712
39525 433.629712
39576 433.629712
39627 433.629712
39678 433.629712
39729 433.629712
39780 433.629712
39831 433.629712
39882 433.629712
39933 433.629712
39984 433.629712
40035 433.629712
40086 433.629712
40137 433.629712
40188 433.629712
40239 433.629712
40290 433.629712
40341 433.629712
40392 433.629712
40443 433.629712
40494 433.629712
40545 433.629712
40596 433.629712
40647 433.629712
40698 433.629712
40749 433.629712
40800 433.629712
40851 433.629712
40902 433.629712
40953 433.629712
41004 433.629712
41055 433.629712
41106 433.629712
41157 433.629712
41208 433.629712
41259 433.629712
41310 433.629712
41361 433.629712
41412 433.629712
41463 433.629712
41514 433.629712
41565 433.629712
41616 433.629712
41667 433.629712
41718 433.629712
41769 433.629712
41820 433.629712
41871 433.629712
41922 433.629712
41973 433.629712
42024 433.629712
42075 433.629712
42126 433.629712
42177 433.629712
42228 433.629712
42279 433.629712
42330 433.629712
42381 433.629712
42432 433.629712
42483 433.629712
42534 433.629712
42585 433.629712
42636 433.629712
42687 433.629712
42738 433.629712
42789 433.629712
42840 433.629712
42891 433.629712
42942 433.629712
42993 433.629712
43044 433.629712
43095 433.629712
43146 433.629712
43197 433.629712
43248 433.629712
43299 433.629712
43350 433.629712
43401 433.629712
43452 433.629712
43503 433.629712
43554 433.629712
43605 433.629712
43656 433.629712
43707 433.629712
43758 433.629712
43809 433.629712
43860 433.629712
43911 433.629712
43962 433.629712
44013 433.629712
44064 433.629712
44115 433.629712
44166 433.629712
44217 433.629712
44268 433.629712
44319 433.629712
44370 433.629712
44421 433.629712
44472 433.629712
44523 433.629712
44574 433.629712
44625 433.629712
44676 433.629712
44727 433.629712
44778 433.629712
44829 433.629712
44880 433.629712
44931 433.629712
44982 433.629712
45033 433.629712
45084 433.629712
45135 433.629712
45186 433.629712
45237 433.629712
45288 433.629712
45339 433.629712
45390 433.629712
45441 433.629712
45492 433.629712
45543 433.629712
45594 433.629712
45645 433.629712
45696 433.629712
45747 433.629712
45798 433.629712
45849 433.629712
45900 433.629712
45951 433.629712
46002 433.629712
46053 433.629712
46104 433.629712
46155 433.629712
46206 433.629712
46257 433.629712
46308 433.629712
46359 433.629712
46410 433.629712
46461 433.629712
46512 433.629712
46563 433.629712
46614 433.629712
46665 433.629712
46716 433.629712
46767 433.629712
46818 433.629712
46869 433.629712
46920 433.629712
46971 433.629712
47022 433.629712
47073 433.629712
47124 433.629712
47175 433.629712
47226 433.629712
47277 433.629712
47328 433.629712
47379 433.629712
47430 433.629712
47481 433.629712
47532 433.629712
47583 433.629712
47634 433.629712
47685 433.629712
47736 433.629712
47787 433.629712
47838 433.629712
47889 433.629712
47940 433.629712
47991 433.629712
48042 433.629712
48093 433.629712
48144 433.629712
48195 433.629712
48246 433.629712
48297 433.629712
48348 433.629712
48399 433.629712
48450 433.629712
48501 433.629712
48552 433.629712
48603 433.629712
48654 433.629712
48705 433.629712
48756 433.629712
48807 433.629712
48858 433.629712
48909 433.629712
48960 433.629712
49011 433.629712
49062 433.629712
49113 433.629712
49164 433.629712
49215 433.629712
49266 433.629712
49317 433.629712
49368 433.629712
49419 433.629712
49470 433.629712
49521 433.629712
49572 433.629712
49623 433.629712
49674 433.629712
49725 433.629712
49776 433.629712
49827 433.629712
49878 433.629712
49929 433.629712
49980 433.629712
50031 433.629712
50082 433.629712
50133 433.629712
50184 433.629712
50235 433.629712
50286 433.629712
50337 433.629712
50388 433.629712
50439 433.629712
50490 433.629712
50541 433.629712
50592 433.629712
50643 433.629712
50694 433.629712
50745 433.629712
50796 433.629712
50847 433.629712
50898 433.629712
50949 433.629712
